1.429256301317058728e+02
1.484006011297891803e+02
2.345563763430494646e+02
1.815089289849326804e+02
2.569032538801913006e+02
2.822732576526241814e+02
2.933025988944353912e+02
3.075599125914117735e+02
2.749321171819261735e+02
2.186608313188122281e+02
1.943169012759468899e+02
1.867744092439057226e+02
1.532800566979767041e+02
1.598193939796470886e+02
1.741984749207065022e+02
2.273207197350819229e+02
2.438122503424125966e+02
2.741202209525948774e+02
3.116946468080043928e+02
2.923878028582134334e+02
2.619081480570077929e+02
2.271626237743297736e+02
2.161367210099131739e+02
1.544464929097925108e+02
1.728544424669200907e+02
1.878632154638843019e+02
2.050606604195988893e+02
2.042152471386798993e+02
2.449381893451123915e+02
2.879397550366225005e+02
3.201034331564426338e+02
2.815105246508286996e+02
2.589479651679085919e+02
2.298912832689031802e+02
1.698395368718060467e+02
1.323619137745698140e+02
1.778961009609604957e+02
1.814047525404111525e+02
1.530522187241132031e+02
1.954173667358668354e+02
2.420343015909983819e+02
3.099108249955431234e+02
3.032076088430197274e+02
2.768611025362488363e+02
2.676319839371483909e+02
2.268041266257660880e+02
2.216882042325185580e+02
1.623206379098180889e+02
1.561004100961444294e+02
1.778076736631119275e+02
1.906973064586437658e+02
2.090811685406569893e+02
2.547519093181890355e+02
3.132005760049107153e+02
3.024625389025200661e+02
2.810248638816155449e+02
2.514520975406263688e+02
2.335479345446253774e+02
2.199033152429931590e+02
1.437555890977815238e+02
1.532130709347182744e+02
1.651279046683456215e+02
1.782576669565752070e+02
2.103823002378706803e+02
2.503670975145766988e+02
2.847155124991398907e+02
2.966073869620003052e+02
2.899665305996130655e+02
2.822441790367851695e+02
2.263480873069243557e+02
1.955506990256832296e+02
1.703996253301221770e+02
1.926620658300223852e+02
1.560565580107175379e+02
1.868119661625861454e+02
2.008763638954849284e+02
2.794634720617196422e+02
2.920383483473943329e+02
3.079437136107877109e+02
2.751698681945642306e+02
2.481412541878395643e+02
2.391890496958809820e+02
1.859216391353513416e+02
1.687894741122781568e+02
1.461449416723275476e+02
1.448362030633419693e+02
1.796252267503620033e+02
2.173237528096535982e+02
2.850318622331054144e+02
3.003542927565858918e+02
3.039716326350925897e+02
2.789021727022978325e+02
2.776418968836277941e+02
2.562467901873317828e+02
2.131566105113564333e+02
1.648180878460020438e+02
1.535558473917410254e+02
1.281709446271700870e+02
1.950260235012527517e+02
2.226706471969397398e+02
2.482503271386205483e+02
2.889039140582985397e+02
3.120530196658718864e+02
2.717312123189046815e+02
2.770497737141068342e+02
2.636576479963983957e+02
1.818133556593064384e+02
1.098657144212556602e+02
1.513892017726853396e+02
1.648300815333372498e+02
2.132736013126893226e+02
1.869197927881831447e+02
2.456711886378543568e+02
2.878999190763166780e+02
3.039544925335890184e+02
2.845879293208544141e+02
2.871563259777716439e+02
2.396470258743061663e+02
1.706829978596362309e+02
1.508062851010772931e+02
1.932157278168133132e+02
1.592604411086567779e+02
1.824873177757104941e+02
1.878440264342975183e+02
2.491936556343477491e+02
3.054973136696632992e+02
3.360836850351290082e+02
2.920237342945143268e+02
2.560871215112064760e+02
2.516695777884898177e+02
2.010264918472806812e+02
1.965218316727076058e+02
1.680328663875502855e+02
1.547840469266739092e+02
1.681446264332805640e+02
2.369265836235762492e+02
2.774459252316370339e+02
2.808900250207227032e+02
3.206028767233960934e+02
2.667870324641606885e+02
2.749411731926009566e+02
2.558038667580566994e+02
1.922281175026331539e+02
1.854101784634451633e+02
1.257889543750149954e+02
1.548387147463387805e+02
1.807028629159748903e+02
2.219227584743608190e+02
2.504294654596028806e+02
2.612816506562392078e+02
2.982248546487224417e+02
2.971550402444290739e+02
2.597009404831652546e+02
2.407882264669027563e+02
1.900286444293828652e+02
1.542156293449039026e+02
1.821141107553228835e+02
1.675358962244072529e+02
1.603189805590671142e+02
1.935406190753413966e+02
2.506922054902960895e+02
2.892965614301643882e+02
2.992105497525080295e+02
3.051948169186072732e+02
2.730344867859757301e+02
2.380762752667816073e+02
1.789925718887550374e+02
1.643377235792794124e+02
1.255489489027511496e+02
1.897084916021145773e+02
1.677539886563609457e+02
1.922130835769879695e+02
2.638121141542293913e+02
3.059148621275863320e+02
2.741767218376481310e+02
2.939799075554522574e+02
2.650093166561889007e+02
2.321687257874837371e+02
1.678072511967613707e+02
1.889339155457933543e+02
1.475413675348015943e+02
1.491499340672121150e+02
1.839084609336317158e+02
2.412197176339441569e+02
2.506057883192210625e+02
2.771814926347437904e+02
3.107439643865532162e+02
2.899985778219212875e+02
2.719503174120387712e+02
2.161125797399113537e+02
1.902597029257182726e+02
1.612642597149090022e+02
2.128060721692212383e+02
1.809864274045213222e+02
1.479424657706813377e+02
2.277542706750198249e+02
2.540980641468578938e+02
2.953507593976162866e+02
3.227312997115928965e+02
2.858992246223122038e+02
2.368510894095261676e+02
2.324856182722853077e+02
2.133013189478687082e+02
1.705035893175293324e+02
1.524592360829348934e+02
1.585292918694098319e+02
1.665048027907041615e+02
2.133231928127938488e+02
2.801360538375083706e+02
2.780891676495086244e+02
3.013246202006499743e+02
2.692099272131209773e+02
2.689699070307313491e+02
2.636622035502807648e+02
1.882858587062999902e+02
1.427459055233979939e+02
1.494331502176534343e+02
1.658625727126156733e+02
1.978897781590041802e+02
1.953128873204636875e+02
2.635403603021121626e+02
2.863055159805822996e+02
3.239198296454688375e+02
2.757488671958594750e+02
2.805151339992526118e+02
2.297983087717837520e+02
2.071633810233456643e+02
1.532811932050873907e+02
1.597725919485713462e+02
1.662636788936623873e+02
1.588506120102067314e+02
2.850776656208845452e+02
2.137768136583446505e+02
2.716968611929621602e+02
3.150142529228486410e+02
3.190638444828618390e+02
2.627209170159413816e+02
1.996445552337808635e+02
2.204654423104174157e+02
1.781456906086696392e+02
1.432492077607833494e+02
1.770222230960965248e+02
1.599981121530312862e+02
2.405700523282962138e+02
2.602833794345218053e+02
2.873379052102429227e+02
3.148325630911141388e+02
2.629817431911008612e+02
2.849390971843718035e+02
2.571798688608561747e+02
1.874361806315999956e+02
1.684828832813383599e+02
1.382330357711913962e+02
2.125753300859417152e+02
1.896946995088197525e+02
2.026429358521228039e+02
2.601217145868378680e+02
3.112191972465603840e+02
3.055863855265870939e+02
2.884990955945655742e+02
2.626540188948766286e+02
2.358564561979438281e+02
1.962073212808130620e+02
1.591912786635412260e+02
1.823667366455493095e+02
1.789307306351803106e+02
1.714408550934637105e+02
2.238235797419366975e+02
2.711240618311396133e+02
2.578656337027427981e+02
2.978490342980171022e+02
2.920370013690268820e+02
2.625689501493326929e+02
2.349286154864086313e+02
1.995715080434782180e+02
1.310327401674139196e+02
1.773305053099145425e+02
1.573615177887549805e+02
1.857373585919580421e+02
2.132732352653743817e+02
2.426895484131462695e+02
2.907458705984338394e+02
3.057215277734706547e+02
2.856957354791074977e+02
2.619473817407535989e+02
2.399288840268363572e+02
1.882358567045951929e+02
1.528472361452928396e+02
1.788613506860723135e+02
1.555638959585303382e+02
1.655655886973981126e+02
2.318777423566783682e+02
2.540745732189231774e+02
3.087930967180037669e+02
2.923539738565116863e+02
2.921226930176081851e+02
2.888339998784084059e+02
2.425454327970121540e+02
1.885006777769906989e+02
1.691109396709632335e+02
1.835486326847127430e+02
1.807456499363223941e+02
1.796418600394216867e+02
1.926808039042535938e+02
2.328242650439545116e+02
2.945946118331003163e+02
3.146224566571875698e+02
3.008712883900319071e+02
2.719394735968081704e+02
2.166983419452663213e+02
2.177529196688195441e+02
1.849237278896174530e+02
1.425567301467404491e+02
1.589053083935371546e+02
1.816654393112347918e+02
2.135283375520881748e+02
2.703842021328504757e+02
2.834691285992479379e+02
2.894293001901991715e+02
3.047235536173136552e+02
2.529040871884417925e+02
2.265550293277336493e+02
2.013341228249587971e+02
1.701787720125413159e+02
1.566310818014502502e+02
1.492023836136048374e+02
1.830374953259690756e+02
2.127260474436541244e+02
2.399690576124145878e+02
3.026588867689970357e+02
2.837750177478955038e+02
2.836716308551869474e+02
2.671614262414254881e+02
2.385936923322928749e+02
1.938903220158400416e+02
1.589319854821588649e+02
1.692737531835215918e+02
1.566565510916092308e+02
1.812309515987517159e+02
2.140897507518622831e+02
2.655925341894499638e+02
2.954538984023077433e+02
2.894640296269830628e+02
3.006611090495579219e+02
2.741646776090205435e+02
2.616659576920009727e+02
1.869992551328797390e+02
1.791496339463375307e+02
1.618866178487567709e+02
2.026233763187672423e+02
1.769850815981321261e+02
1.948067915093380407e+02
2.517337062857716887e+02
2.973530184387651616e+02
3.073011316359510943e+02
2.778616011066009719e+02
2.640280215460819591e+02
2.537130581624591628e+02
2.134137617949825483e+02
1.808356257516520031e+02
1.578598305152191301e+02
1.737937252746301908e+02
1.992403969189701627e+02
2.215704659044580751e+02
2.713254023504387646e+02
2.934399207621255528e+02
2.850637590539115536e+02
3.137616796498983831e+02
2.760379935263068774e+02
2.079057906380317604e+02
1.794923291124067362e+02
1.640561314784978890e+02
1.631437863228080118e+02
1.469974050774850411e+02
1.781898925694196407e+02
2.166638104695483378e+02
2.657210657414100297e+02
2.977860563549301673e+02
3.080379305917250008e+02
2.872491521672213821e+02
2.704023225179680026e+02
2.502044498268747077e+02
2.069741588130928562e+02
1.681546708785527926e+02
1.507281959881587170e+02
1.876760447398106351e+02
1.830493203794495400e+02
2.223511955003743594e+02
2.758840547974018023e+02
2.834992950038533763e+02
3.240773850565658449e+02
2.830843642523465746e+02
2.774777917990764422e+02
2.348909352403732669e+02
1.962941503856943655e+02
1.603697129883304910e+02
1.751488489798662727e+02
1.560449128199883262e+02
1.524063755700535694e+02
2.510871520657431404e+02
2.522401894938606688e+02
2.762437703880541449e+02
3.073099415906583545e+02
3.088404073628965989e+02
2.519605073648448297e+02
2.468586478931823649e+02
2.122978314287186379e+02
1.572788225318331854e+02
1.794796345954013077e+02
1.458351923564864023e+02
1.995516990583256245e+02
2.304690415493745945e+02
2.409181291705328078e+02
2.925163452197272136e+02
2.877628692177062817e+02
2.854651209972684001e+02
2.889497853749892897e+02
2.316272503365657087e+02
1.800194393301798641e+02
1.678703157578663081e+02
1.839487216692685649e+02
1.834102811922490446e+02
1.633514915190841919e+02
2.059656674089383444e+02
2.629234159426125075e+02
2.865881101248631353e+02
3.139796973813420209e+02
3.018097382364997543e+02
2.632781342845358949e+02
2.375292704851154326e+02
2.149571219801966038e+02
1.708244857739937572e+02
1.568012245688551047e+02
2.021039656244392972e+02
1.463159338094574480e+02
2.407554717924998897e+02
2.844010625331262645e+02
2.999226862030276379e+02
3.125115898931230163e+02
2.657637784257777867e+02
2.609837225765762696e+02
2.384497960040572195e+02
2.324429933376738120e+02
1.482984621172575146e+02
1.387511142428310222e+02
1.611563074245808878e+02
2.251782708756410329e+02
2.177187627013563826e+02
2.185240357468954358e+02
2.921572075503488009e+02
3.142052655159346273e+02
3.189715768971001921e+02
2.649080847275200199e+02
2.354174752967539916e+02
2.114824517738757095e+02
1.638353313989115634e+02
1.510117516022807820e+02
1.821717073103500866e+02
1.806249984078722548e+02
2.147931415108447766e+02
2.501829068617741711e+02
2.993356036038947536e+02
3.193482345356621863e+02
2.905340156249557140e+02
2.488029203197584991e+02
2.570733255592987234e+02
2.049389174968112002e+02
1.583943379820187261e+02
1.677779182233357460e+02
1.846645518502686514e+02
1.745865748034669025e+02
2.127989741109387296e+02
2.562781929545773778e+02
2.996540943330817868e+02
2.885419826046475578e+02
2.785968411311584987e+02
2.778808669800541793e+02
2.196575464819797787e+02
1.914244438634048890e+02
1.684975342634068625e+02
1.391103771530572999e+02
1.847693662263581018e+02
1.614482582370428077e+02
2.310693811828260493e+02
2.501039135667146525e+02
3.035190704459031963e+02
3.349709677180710514e+02
2.909370272278808898e+02
2.877937573341028497e+02
2.466269642361706076e+02
1.882757475250236610e+02
1.757634651427735832e+02
1.799332574444041768e+02
1.407287058429630520e+02
1.782829279438060439e+02
2.448615355030705132e+02
2.536034075691939620e+02
2.981206691077186974e+02
3.496828190548776547e+02
2.884250905222753545e+02
2.762303146405159282e+02
2.382440381118778703e+02
2.084672508759762479e+02
1.735077945250986886e+02
1.902105557819856472e+02
1.860204588347132528e+02
1.734605265450634022e+02
2.577699357750814784e+02
2.736195756590975634e+02
3.189066410970618222e+02
3.228823860408385258e+02
2.897939555955576338e+02
2.589887560434985403e+02
2.581305794465401959e+02
2.150762780854609275e+02
1.797334199968061910e+02
1.378761855737480175e+02
1.679803865257268853e+02
1.717611654613366170e+02
2.264384375840046744e+02
2.613079224803475995e+02
3.067067103209840297e+02
3.046505104109550643e+02
2.794229629487767852e+02
2.839980442702185428e+02
2.524754186058601135e+02
1.866921783595382180e+02
1.734534384875204580e+02
1.466979192640789904e+02
1.592459324233924463e+02
1.763442280260266557e+02
2.228558228520769546e+02
2.687919453389217779e+02
2.785996952122382595e+02
3.051665581453303844e+02
2.802704307239374089e+02
2.742933908062607884e+02
2.679881029417008449e+02
2.037217625686906786e+02
1.313638051328679808e+02
1.732303010594231694e+02
1.697236026386529772e+02
1.936871481633573353e+02
2.186064493340386150e+02
2.283548081637600546e+02
2.888015634779201264e+02
3.414898080621240410e+02
2.736627249547127576e+02
2.951609874417245578e+02
2.825053316977515578e+02
1.704968926894023582e+02
1.587140662996777394e+02
1.967762796241562739e+02
2.036304323223882875e+02
1.783312181641283019e+02
2.103855579931131672e+02
2.450600366759055646e+02
3.060572134101308848e+02
3.425216274411521908e+02
2.837483969738074165e+02
2.749247813940200444e+02
2.649668526977205829e+02
2.242846594435130214e+02
1.679817894547815911e+02
1.455178311254567802e+02
2.176933998239616130e+02
2.128503672957460253e+02
2.246391524409827127e+02
2.442512240630661893e+02
2.943949895669637726e+02
3.329106424229921117e+02
2.975263370921028923e+02
2.641694332342787561e+02
2.550949011019855561e+02
1.938026843290986108e+02
1.967343388985172226e+02
1.548873162784106228e+02
2.024057580371076597e+02
1.376882458848767214e+02
2.086378365401374992e+02
